Accuracy: 0.9889434889434889
Weighted F1: 0.9889465418177764
              precision    recall  f1-score   support

           0       1.00      0.98      0.99       455
           1       1.00      1.00      1.00       240
           2       0.99      0.98      0.99       302
           3       1.00      0.99      0.99       430
           4       0.99      0.99      0.99       996
           5       0.97      1.00      0.98       477
           6       0.99      1.00      0.99       426
           7       0.99      0.99      0.99       402
           8       1.00      1.00      1.00       364
           9       0.98      0.98      0.98       535
          10       0.98      0.98      0.98       257

    accuracy                           0.99      4884
   macro avg       0.99      0.99      0.99      4884
weighted avg       0.99      0.99      0.99      4884