✅ 평가 결과 (Validation Set)
Accuracy: 0.9905814905814906
Weighted F1: 0.9905694237790812
              precision    recall  f1-score   support

           0       1.00      0.99      0.99       433
           1       1.00      1.00      1.00       230
           2       1.00      0.99      0.99       290
           3       1.00      1.00      1.00       427
           4       0.98      0.99      0.99      1024
           5       0.99      1.00      0.99       453
           6       1.00      1.00      1.00       475
           7       0.99      1.00      0.99       420
           8       1.00      1.00      1.00       394
           9       0.98      0.96      0.97       495
          10       1.00      0.99      1.00       243

    accuracy                           0.99      4884
   macro avg       0.99      0.99      0.99      4884
weighted avg       0.99      0.99      0.99      4884