✅ 평가 결과 (Validation Set)
Accuracy: 0.988871834228703
Weighted F1: 0.9888551133219324
              precision    recall  f1-score   support

           0       0.99      0.98      0.99       479
           1       1.00      1.00      1.00       272
           2       0.98      0.99      0.99       316
           3       0.99      0.99      0.99       305
           4       0.99      0.99      0.99       418
           5       0.98      1.00      0.99       962
           6       0.99      0.98      0.99       445
           7       1.00      1.00      1.00       452
           8       0.97      1.00      0.99       429
           9       1.00      1.00      1.00       344
          10       0.99      0.96      0.98       520
          11       1.00      0.97      0.99       270

    accuracy                           0.99      5212
   macro avg       0.99      0.99      0.99      5212
weighted avg       0.99      0.99      0.99      5212